# q28-v2 expert K2 ranges (plans/q28-v2.json bits x 2; DSpark blocks: mtp_bits 4): layer gate/up lo hi, down lo hi
0 4 10 4 10
1 4 10 4 10
2 4 10 4 10
3 4 10 4 10
4 4 12 4 12
5 4 12 4 12
6 4 12 4 12
7 4 12 4 12
8 4 12 4 12
9 4 12 4 12
10 4 12 4 12
11 4 12 4 12
12 4 12 4 12
13 4 12 4 12
14 4 12 4 12
15 4 12 4 12
16 4 12 4 12
17 4 12 4 12
18 4 12 4 12
19 4 12 4 12
20 4 12 4 12
21 4 12 4 12
22 4 12 4 12
23 4 12 4 12
24 4 12 4 12
25 4 12 4 12
26 4 12 4 12
27 4 12 4 12
28 4 12 4 12
29 4 12 4 12
30 4 12 4 12
31 4 12 4 12
32 4 12 4 12
33 4 12 4 12
34 4 12 4 12
35 4 12 4 12
36 6 12 6 12
37 6 12 6 12
38 6 12 6 12
39 6 12 6 12
40 8 8 8 8
41 8 8 8 8
42 8 8 8 8
